1115
1471
1317
815
1118
1309
1105
2208
1836
1068
1718
873
912
2858
2371
1264
1351
1310
1319
924
1258
1298
1270
1270
1276
1278
1289
1278
1279
1280
1331
1347
1286
1231
1269
1231
1150
1287
1181
1223
1115
1240
1268
1222
1323
1186
1140
557
1281
1332
1296
973
1296
846
1296
1281
1281
1284
1346
1440
708
1443
1369
1301
976
1287
1197
1058
1293
1324
1358
1363
1677
1315
1333
1178
1281
1302
1312
1315
1299
996
1293
1296
1296
1355
1315
1397
927
1257
1353
759
1296
1341
893
1061
1317
1257
1287
1254
2174
2138
2106
1356
2300
2044
1794
1718
1747
1747
1787
1398
1828
1740
1758
1778
1822
1580
1852
1935
1890
2985
2045
2466
1950
1914
2016
1889
1901
1657
1651
1909
1932
1874
2019
2065
1994
1927
1799
2011
1869
1826
1869
1799
1869
1881
2124
1890
1484
986
1364
1402
1285
1073
1412
1519
1467
612
1055
1680
1492
1544
1440
744
1466
1580
868
1526
827
1134
1539
1314
924
1982
764
1611
2053
2043
1917
1917
1043
2464
2463
534
537
1968
2145
1914
1521
1504
1508
1514
793
1600
1500
1200
1335
1547
2644
2445
2510
2552
888
2478
2162
1645
1518
2512
2258
2523
2523
987
2520
468
2532
2580
2541
2526
648
2541
582
4320
1624
1621
2009
649
1484
1772
1992
2022
2401
591
1243
1198
1330
1185
746
555
1208
1213
1241
571
917
1094
1276
1155
1251
1251
1251
1227
1227
1251
1161
1245
1332
1227
1227
1251
1248
1143
1102
1134
1212
977
690
1133
1089
468
1004
996
1158
1019
1035
612
1038
1146
1068
1140
1050
488
1041
1053
1053
1050
1854
1536
780
624
680
1194
942
1047
999
2083
1943
1989
2050
1964
1452
2030
2013
1977
2055
1962
1959
2106
1443
1815
1419
1289
1296
1445
1956
1435
733
1701
1570
1593
1725
2522
2555
2736
2559
843
2557
2507
2527
819
2513
862
2193
2407
2522
2646
2658
2548
2362
2421
2472
1140
1751
1314
1403
1361
1108
1392
1237
1347
1232
1442
1444
1245
1404
1366
1382
1385
1382
1379
1400
1415
1379
1403
1394
1418
1248
919
865
514
515
674
562
449
804
667
616
564
762
638
990
761
466
826
696
1073
2251
2174
2120
2503
1643
2226
1878
786
2517
1740
1756
1081
1074
922
1128
829
695
2824
3069
681
600
561
492
549
494
492
561
627
492
492
679
492
1825
1812
1813
1805
1812
1872
1811
1185
1807
1769
1836
1883
1246
1842
1807
1728
1309
1902
1800
1839
1701
1584
1939
1862
624
2268
594
1200
1476
1749
1307
1885
2511
579
1176
1465
1636
1899
1434
1089
2191
1815
1076
1818
1806
1995
765
1806
1804
2427
2611
2186
1782
1779
1785
1866
300
1176
237
319
237
339
294
304
770
234
304
522
522
491
582
303
303
435
567
659
312
701
590
708
417
408
414
582
402
354
473
441
441
302
419
405
536
450
441
291
585
271
301
2130
612
1444
1435
1785
1933
1969
1979
2043
2196
2322
2150
2573
1498
1201
984
1221
570
1214
570
570
1100
1227
1215
623
1424
1416
1812
1217
357
451
498
597
384
576
2792
2099
2093
2553
2412
1926
2227
2673
857
4915
2160
2099
1774
2091
2228
719
719
2211
2088
2447
546
458
2037
575
720
709
1981
720
1989
2366
1847
2232
2085
2208
2208
2166
642
1078
2273
2233
2208
2208
2211
2441
1383
1077
1741
213
165
178
219
1093
192
270
270
2145
1082
351
662
255
318
219
546
174
154
1056
489
555
584
589
584
584
261
735
540
384
1347
1759
3316
1231
858
852
1414
600
968
1302
1689
1809
1915
1386
2345
1147
936
944
849
879
2600
2543
2457
981
1378
1759
331
375
1554
1644
2418
2258
1614
2326
3069
2170
1716
1401
1454
510
1182
1125
1158
2259
2253
1857
2646
2649
719
369
1028
425
432
1773
450
646
297
462
465
464
465
351
531
528
465
595
513
513
513
405
327
525
1773
706
691
2352
1987
1305
729
1226
1470
1316
360
1074
858
1302
1828
1320
