441
816
492
531
492
225
687
528
309
432
1212
681
654
654
630
411
279
306
306
417
678
267
666
435
276
276
372
414
372
273
858
276
867
786
465
498
729
717
486
486
1539
219
474
276
339
534
528
390
423
621
390
777
2052
306
2568
804
270
585
513
465
465
903
366
726
726
696
231
513
567
510
510
543
1455
855
546
423
726
930
930
435
435
417
426
417
417
246
729
477
546
372
1566
285
332
624
696
696
348
696
501
414
255
462
1101
333
1813
675
903
528
591
267
621
1050
1050
285
342
729
660
816
2439
669
537
543
1410
390
1329
429
2082
546
1011
435
1275
1410
1305
2004
699
1449
1154
384
996
1122
765
408
1578
594
588
486
456
1770
1293
1755
300
531
783
690
492
246
2046
1110
2034
300
348
237
375
342
399
399
447
2130
2130
381
663
747
414
1488
1518
417
402
741
510
435
438
456
456
999
738
1983
510
660
513
396
519
246
513
243
693
381
498
387
228
249
402
531
465
834
318
216
231
231
318
318
318
363
234
624
1527
2037
1077
1077
393
450
297
285
465
699
351
351
705
1560
309
621
540
1812
471
471
552
552
432
384
465
321
762
552
552
456
855
402
315
756
417
417
489
342
315
471
219
552
882
498
498
498
498
498
270
498
270
360
360
462
825
408
447
318
270
258
663
1020
288
288
789
2805
336
270
471
462
423
507
501
285
483
984
462
753
405
1782
408
312
723
330
486
948
336
411
567
1116
279
1407
336
285
330
483
276
1008
366
360
420
465
423
396
324
390
777
387
552
270
273
273
294
318
324
309
318
318
318
303
303
303
303
327
324
291
291
291
291
462
387
225
228
321
378
303
303
303
597
399
399
765
693
879
294
483
567
213
213
369
369
1455
267
483
432
432
363
510
366
507
507
357
795
510
792
798
432
288
801
498
243
345
345
345
345
345
345
360
423
1488
1467
327
345
357
357
303
231
348
780
1803
2013
408
333
432
408
576
498
309
315
390
387
381
369
609
336
336
330
330
216
405
411
411
366
366
366
366
366
303
486
357
348
498
540
318
618
708
474
330
492
504
504
408
399
435
483
369
294
294
444
228
423
411
381
522
522
456
396
486
357
357
585
405
441
285
357
357
357
531
531
531
348
642
621
477
276
390
585
1149
405
561
441
849
570
378
468
504
375
375
345
738
258
372
372
372
215
372
372
225
309
465
666
435
663
504
465
417
426
1632
435
435
378
735
627
243
801
366
498
492
420
420
1098
468
468
1056
219
432
432
432
432
465
492
690
489
489
486
1428
1201
288
408
414
252
1992
852
387
387
747
378
348
225
960
405
273
690
705
945
384
693
693
693
414
453
477
465
369
444
423
423
726
384
474
249
675
237
882
708
882
885
885
369
1476
357
636
546
426
495
672
678
477
213
555
405
246
510
813
702
453
807
345
864
240
1470
402
663
486
1458
2013
480
969
1548
1548
1548
306
576
444
438
624
378
426
1467
243
660
423
447
498
1011
1011
462
1218
918
1203
1200
480
480
660
462
351
612
330
726
363
396
426
276
396
231
450
450
756
384
2154
936
936
936
936
252
1203
735
375
450
504
930
558
408
327
1179
1179
438
516
777
528
570
873
657
1065
1014
531
441
717
402
402
246
420
696
435
435
918
507
360
843
444
285
285
1623
675
480
447
579
381
381
387
381
378
369
369
417
291
339
393
303
360
384
363
318
333
330
333
333
357
465
465
240
378
894
834
690
675
633
351
351
300
330
945
945
288
441
282
282
939
1017
1023
684
1428
690
654
369
297
456
378
1515
348
243
393
216
456
396
396
438
438
438
360
360
420
474
480
459
465
426
390
375
354
354
501
414
1779
1779
333
321
321
441
516
549
489
516
498
438
468
516
447
495
441
423
423
597
474
474
474
381
282
498
267
474
1179
282
279
291
414
387
369
228
684
588
948
948
948
948
393
255
423
411
423
411
411
411
552
609
450
471
471
444
447
423
1623
444
447
444
234
711
501
1788
1806
657
408
408
408
1266
408
453
417
417
429
420
429
429
429
429
291
408
2145
747
240
240
504
423
492
519
519
462
528
525
525
525
366
249
822
591
402
402
963
456
975
816
642
1404
1470
975
660
414
393
393
381
351
1371
816
399
864
489
489
336
375
351
552
417
417
648
648
645
648
756
756
1035
570
441
528
516
570
498
477
483
483
972
417
507
285
441
636
639
465
351
351
351
351
468
324
384
435
474
591
384
942
1212
1257
498
1254
1254
390
390
390
390
414
465
576
291
393
408
273
744
465
432
411
363
348
867
924
921
921
402
288
465
465
1878
1599
411
402
531
723
723
552
246
459
864
1107
720
444
345
423
384
1386
1458
435
402
270
528
1146
1182
636
528
357
1188
606
699
723
702
702
714
714
714
714
714
531
531
957
1452
1116
1116
1170
498
453
492
492
492
420
513
462
420
615
612
309
498
384
288
489
288
381
378
432
327
516
489
459
273
732
444
537
396
597
597
291
2070
1725
255
708
600
321
648
561
1002
360
360
360
360
360
348
294
738
306
726
465
441
651
585
492
507
504
621
1524
714
474
501
390
510
357
381
534
357
375
381
978
333
969
348
759
348
549
1728
375
1713
462
435
447
447
414
384
753
498
762
762
762
714
714
855
270
372
627
447
663
627
1170
7287
2283
588
513
627
603
516
609
753
468
660
834
351
879
750
501
483
483
483
861
660
354
711
753
420
318
1536
303
486
522
1143
678
1758
1668
2031
357
780
690
720
441
441
315
414
318
1530
1032
291
810
333
333
807
648
603
819
483
294
294
399
297
396
429
768
357
423
1020
384
417
504
504
357
1392
1473
480
1221
306
1002
441
1782
354
720
567
615
615
405
615
522
