8219
7598
753
418
1620
15000
6364
183
632
4723
5108
4655
7625
8306
45
7261
1097
7578
7317
15172
7476
7708
3425
5067
5858
3997
995
13015
1337
4597
3010
1194
11794
3731
955
6318
4813
3636
3447
1898
4350
2096
3424
3962
2335
5491
5700
6463
3128
3252
1943
1939
3530
2552
2168
2757
4508
1776
12564
2396
6305
10368
3279
1530
3180
1607
2317
2100
2676
4588
4313
4034
3644
2885
3499
4752
4489
3627
3285
4381
7163
3350
4157
3668
3528
540
4739
3673
5823
4467
2153
2627
14437
8039
3977
1876
3524
1895
4825
4039
2944
3708
3093
4741
6811
6048
4129
2863
3668
5032
1547
4707
5452
4286
3485
4921
6458
629
3418
5044
6345
7304
4642
4751
3092
4244
2829
3431
3502
3162
4876
3601
4074
2297
2484
5995
2830
2723
2818
2901
2837
2733
5585
1533
4161
8616
2226
14947
2911
15003
3236
5260
3236
9932
4951
4838
1803
5402
10393
